0.00045108795166015625 64
0.00081992149353027344 66
0.00099205970764160156 68
0.00239205360412597656 70
0.00232100486755371094 72
0.00166583061218261719 74
0.00325584411621093750 77
0.00257706642150878906 80
0.00267505645751953125 83
0.00190997123718261719 86
0.00180602073669433594 89
0.00174593925476074219 92
0.00185990333557128906 95
0.00195813179016113281 98
0.00172996520996093750 101
0.00203514099121093750 104
0.00197005271911621094 107
0.00288414955139160156 110
0.00245213508605957031 113
0.00296616554260253906 116
0.00183200836181640625 119
0.00380492210388183594 122
0.00194597244262695312 125
0.00195002555847167969 128
0.00303792953491210938 131
0.00392913818359375000 134
0.00435996055603027344 137
0.00540804862976074219 140
0.00987601280212402344 143
0.00715684890747070312 146
0.00966095924377441406 149
0.00834798812866210938 152
0.01482582092285156250 155
0.00996804237365722656 158
0.00954389572143554688 161
0.01203298568725585938 164
0.00881791114807128906 168
0.00729703903198242188 171
0.00753712654113769531 174
0.01084899902343750000 177
0.01154017448425292969 180
0.00732278823852539062 183
0.01481890678405761719 186
0.00748991966247558594 192
0.01393103599548339844 196
0.00788497924804687500 201
0.00702500343322753906 206
0.00753092765808105469 211
0.00795602798461914062 216
0.01312994956970214844 221
0.00779294967651367188 226
0.00859713554382324219 231
