0.03373503684997558594 10000
0.07220196723937988281 20000
0.10008502006530761719 30000
0.13076686859130859375 40000
0.16425800323486328125 50000
0.21726894378662109375 60000
0.24820804595947265625 70000
0.29123210906982421875 80000
0.35943698883056640625 90000
0.44711804389953613281 100000
0.43490791320800781250 110000
0.47050404548645019531 120000
0.50384807586669921875 130000
0.57102608680725097656 140000
0.58351802825927734375 150000
0.66561484336853027344 160000
0.82566118240356445312 170000
0.90079283714294433594 180000
1.21580505371093750000 190000
1.03605794906616210938 210000
1.07405185699462890625 220000
1.07725000381469726562 230000
1.11467814445495605469 240000
1.24255919456481933594 250000
1.27457213401794433594 260000
1.29593300819396972656 270000
1.47352290153503417969 280000
1.51957106590270996094 290000
1.54012084007263183594 300000
1.58885598182678222656 310000
2.57242894172668457031 320000
1.66575384140014648438 330000
1.69883298873901367188 340000
1.76605892181396484375 350000
1.84500908851623535156 360000
2.04685807228088378906 370000
1.80490803718566894531 380000
2.02734017372131347656 390000
2.05788016319274902344 400000
2.09582114219665527344 410000
2.10602807998657226562 420000
2.24457097053527832031 430000
2.19425988197326660156 440000
2.29635906219482421875 450000
2.44338989257812500000 460000
2.39967107772827148438 470000
2.42406010627746582031 480000
2.57121801376342773438 490000
2.44988703727722167969 500000
2.81610202789306640625 550000
3.19032907485961914062 600000
3.78038382530212402344 700000
4.34045791625976562500 800000
4.95236706733703613281 900000
5.29816317558288574219 1000000

