0.00010180473327636719 2
0.00012707710266113281 3
0.00034093856811523438 4
0.00056695938110351562 5
0.00060200691223144531 6
0.00088691711425781250 7
0.00178003311157226562 8
0.00267100334167480469 9
0.00508213043212890625 10
0.00335502624511718750 11
0.01860690116882324219 12
0.05546498298645019531 13
0.13266897201538085938 14
0.45981287956237792969 15
1.10242581367492675781 16
2.43021011352539062500 17
4.96983289718627929688 18
10.30169415473937988281 19
20.37582802772521972656 20
40.49378681182861328125 21
81.73543095588684082031 22
162.59778499603271484375 23
323.52516007423400878906 24
652.32979702949523925781 25
1318.13446784019470214844 26
