0.92241382598876953125 3000
1.03235507011413574219 3200
1.16557502746582031250 3400
1.31009006500244140625 3600
1.46714091300964355469 3800
1.62870383262634277344 4000
1.81346821784973144531 4200
2.03522801399230957031 4400
2.21739196777343750000 4600
2.52037620544433593750 4800
2.53696990013122558594 5000
2.70348095893859863281 5200
2.93090891838073730469 5400
3.14046001434326171875 5600
3.43780183792114257812 5800
3.64673900604248046875 6000
3.94159603118896484375 6200
4.28557896614074707031 6400
4.44967412948608398438 6600
4.75077700614929199219 6800
4.94203209877014160156 7000
5.18353486061096191406 7200
5.60150504112243652344 7400
6.17065095901489257812 7600
6.16032981872558593750 7800
6.45757699012756347656 8000
6.55089902877807617188 8200
7.40081810951232910156 8400
7.51215815544128417969 8600
8.33204913139343261719 8800
8.12603783607482910156 9000
8.40034484863281250000 9200
9.34171915054321289062 9400
9.14681720733642578125 9600
9.81656599044799804688 9800
10.05742597579956054688 10000
10.33306097984313964844 10200
10.80130410194396972656 10400
11.82461595535278320312 10600
16.63812589645385742188 10800
12.10133194923400878906 11000
14.52024602890014648438 11200
14.46002507209777832031 11400
14.23717904090881347656 11600
14.33630990982055664062 11800
14.73497891426086425781 12000
15.41246390342712402344 12200
15.66441583633422851562 12400
16.85594892501831054688 12600
16.64379191398620605469 12800
18.64261198043823242188 13000
7918.65775799751281738281 255000
0.00012993812561035156 4
0.00017595291137695312 4
